image: /root/Shared_folder/KIST_map/map.pgm
resolution: 0.050000
origin: [-11.104169, -22.050000, 0.000000]
negate: 0
occupied_thresh: 0.65
free_thresh: 0.196

